CddbId:cc0ef40e:[150, 28777, 49200, 78812, 85310, 104670, 131697, 146610, 174255, 193922, 212210, 231042, 261255, 265315]:287250:74:cc0ef40e 14 150 28777 49200 78812 85310 104670 131697 146610 174255 193922 212210 231042 261255 265315 3830: 14 0 0 0 0 0 0 0 0 0 0 0 0 0 0 3830
num_tracks: 14
offsets: [150, 28777, 49200, 78812, 85310, 104670, 131697, 146610, 174255, 193922, 212210, 231042, 261255, 265315]
extents: [0, 0, 0, 0, 0, 0, 0, 0, 0, 0, 0, 0, 0, 0]
total_length: 3830
cddb: [3423532046, 14, 150, 28777, 49200, 78812, 85310, 104670, 131697, 146610, 174255, 193922, 212210, 231042, 261255, 265315, 3830]
musicbrainz: ('14 150 28777 49200 78812 85310 104670 131697 146610 174255 193922 212210 231042 261255 265315 287255', '7V9_8YoRDdHRFP7xj7K_MJEtKhg-')

CD record:
/bin/sh: 1: cdrecord: not found
