CddbId:b30ffe0e:[150, 28335, 46832, 75217, 82485, 106010, 119662, 151847, 170467, 189480, 213380, 264132, 278455, 304492]:307200:74:b30ffe0e 14 150 28335 46832 75217 82485 106010 119662 151847 170467 189480 213380 264132 278455 304492 4096: 14 0 0 0 0 0 0 0 0 0 0 0 0 0 0 4096
num_tracks: 14
offsets: [150, 28335, 46832, 75217, 82485, 106010, 119662, 151847, 170467, 189480, 213380, 264132, 278455, 304492]
extents: [0, 0, 0, 0, 0, 0, 0, 0, 0, 0, 0, 0, 0, 0]
total_length: 4096
cddb: [3004169742, 14, 150, 28335, 46832, 75217, 82485, 106010, 119662, 151847, 170467, 189480, 213380, 264132, 278455, 304492, 4096]
musicbrainz: ('14 150 28335 46832 75217 82485 106010 119662 151847 170467 189480 213380 264132 278455 304492 307202', 'ALpMRph7hl4Jqq29uF8iswmg3xI-')

CD record:
/bin/sh: 1: cdrecord: not found
