CddbId:5b0ddb07:[150, 20440, 56302, 82070, 100457, 133767, 237555]:266175:74:5b0ddb07 7 150 20440 56302 82070 100457 133767 237555 3549: 7 0 0 0 0 0 0 0 3549
num_tracks: 7
offsets: [150, 20440, 56302, 82070, 100457, 133767, 237555]
extents: [0, 0, 0, 0, 0, 0, 0]
total_length: 3549
cddb: [1527634695, 7, 150, 20440, 56302, 82070, 100457, 133767, 237555, 3549]
musicbrainz: ('7 150 20440 56302 82070 100457 133767 237555 266215', 'kQeeqW_lOP1bBfaD9q7qfh2b6_E-')

CD record:
/bin/sh: 1: cdrecord: not found
