CddbId:0c0fe812:[150, 14955, 38130, 50437, 65290, 86860, 95865, 117732, 128222, 147832, 161817, 181595, 190705, 223075, 236452, 251285, 274637, 288835]:305550:74:0c0fe812 18 150 14955 38130 50437 65290 86860 95865 117732 128222 147832 161817 181595 190705 223075 236452 251285 274637 288835 4074: 18 0 0 0 0 0 0 0 0 0 0 0 0 0 0 0 0 0 0 4074
num_tracks: 18
offsets: [150, 14955, 38130, 50437, 65290, 86860, 95865, 117732, 128222, 147832, 161817, 181595, 190705, 223075, 236452, 251285, 274637, 288835]
extents: [0, 0, 0, 0, 0, 0, 0, 0, 0, 0, 0, 0, 0, 0, 0, 0, 0, 0]
total_length: 4074
cddb: [202369042, 18, 150, 14955, 38130, 50437, 65290, 86860, 95865, 117732, 128222, 147832, 161817, 181595, 190705, 223075, 236452, 251285, 274637, 288835, 4074]
musicbrainz: ('18 150 14955 38130 50437 65290 86860 95865 117732 128222 147832 161817 181595 190705 223075 236452 251285 274637 288835 305565', 'B1FmZq3KmRTEhDR.93QRWGy3u_k-')

CD record:
/bin/sh: 1: cdrecord: not found
