CddbId:c10e420e:[150, 6627, 32897, 49140, 82182, 101860, 107877, 129420, 159510, 183517, 205762, 233900, 249057, 256427]:273900:74:c10e420e 14 150 6627 32897 49140 82182 101860 107877 129420 159510 183517 205762 233900 249057 256427 3652: 14 0 0 0 0 0 0 0 0 0 0 0 0 0 0 3652
num_tracks: 14
offsets: [150, 6627, 32897, 49140, 82182, 101860, 107877, 129420, 159510, 183517, 205762, 233900, 249057, 256427]
extents: [0, 0, 0, 0, 0, 0, 0, 0, 0, 0, 0, 0, 0, 0]
total_length: 3652
cddb: [3238937102, 14, 150, 6627, 32897, 49140, 82182, 101860, 107877, 129420, 159510, 183517, 205762, 233900, 249057, 256427, 3652]
musicbrainz: ('14 150 6627 32897 49140 82182 101860 107877 129420 159510 183517 205762 233900 249057 256427 273950', 'AtaUDboazV8LUSl4vZV6xHUxv0E-')

CD record:
/bin/sh: 1: cdrecord: not found
