CddbId:ad0d930d:[150, 23060, 54737, 70252, 93440, 116260, 145497, 162620, 182115, 195265, 206500, 226252, 248420]:260775:74:ad0d930d 13 150 23060 54737 70252 93440 116260 145497 162620 182115 195265 206500 226252 248420 3477: 13 0 0 0 0 0 0 0 0 0 0 0 0 0 3477
num_tracks: 13
offsets: [150, 23060, 54737, 70252, 93440, 116260, 145497, 162620, 182115, 195265, 206500, 226252, 248420]
extents: [0, 0, 0, 0, 0, 0, 0, 0, 0, 0, 0, 0, 0]
total_length: 3477
cddb: [2903347981, 13, 150, 23060, 54737, 70252, 93440, 116260, 145497, 162620, 182115, 195265, 206500, 226252, 248420, 3477]
musicbrainz: ('13 150 23060 54737 70252 93440 116260 145497 162620 182115 195265 206500 226252 248420 260832', 'dFvYmoYNFsrryqYxajQeMn2FSWM-')

CD record:
/bin/sh: 1: cdrecord: not found
