CddbId:eb0fbc10:[150, 13980, 42345, 56775, 84817, 96130, 116210, 131915, 154785, 175182, 191252, 210570, 230807, 254127, 268857, 285302]:302250:74:eb0fbc10 16 150 13980 42345 56775 84817 96130 116210 131915 154785 175182 191252 210570 230807 254127 268857 285302 4030: 16 0 0 0 0 0 0 0 0 0 0 0 0 0 0 0 0 4030
num_tracks: 16
offsets: [150, 13980, 42345, 56775, 84817, 96130, 116210, 131915, 154785, 175182, 191252, 210570, 230807, 254127, 268857, 285302]
extents: [0, 0, 0, 0, 0, 0, 0, 0, 0, 0, 0, 0, 0, 0, 0, 0]
total_length: 4030
cddb: [3943676944, 16, 150, 13980, 42345, 56775, 84817, 96130, 116210, 131915, 154785, 175182, 191252, 210570, 230807, 254127, 268857, 285302, 4030]
musicbrainz: ('16 150 13980 42345 56775 84817 96130 116210 131915 154785 175182 191252 210570 230807 254127 268857 285302 302312', 'lEHJKiL6bBKcLEdEjwBlTHTGBOk-')

CD record:
/bin/sh: 1: cdrecord: not found
