CddbId:14110a12:[150, 15952, 42127, 53085, 72702, 97135, 127732, 148732, 174117, 189780, 199770, 213947, 228382, 246790, 269757, 275390, 298462, 321702]:327300:74:14110a12 18 150 15952 42127 53085 72702 97135 127732 148732 174117 189780 199770 213947 228382 246790 269757 275390 298462 321702 4364: 18 0 0 0 0 0 0 0 0 0 0 0 0 0 0 0 0 0 0 4364
num_tracks: 18
offsets: [150, 15952, 42127, 53085, 72702, 97135, 127732, 148732, 174117, 189780, 199770, 213947, 228382, 246790, 269757, 275390, 298462, 321702]
extents: [0, 0, 0, 0, 0, 0, 0, 0, 0, 0, 0, 0, 0, 0, 0, 0, 0, 0]
total_length: 4364
cddb: [336661010, 18, 150, 15952, 42127, 53085, 72702, 97135, 127732, 148732, 174117, 189780, 199770, 213947, 228382, 246790, 269757, 275390, 298462, 321702, 4364]
musicbrainz: ('18 150 15952 42127 53085 72702 97135 127732 148732 174117 189780 199770 213947 228382 246790 269757 275390 298462 321702 327312', 'v_aGnZuLKJACAB5qsMf6AuTul8g-')

CD record:
/bin/sh: 1: cdrecord: not found
