CddbId:ea0edb0f:[150, 29532, 50417, 66435, 86990, 98880, 119130, 135340, 160830, 174925, 192145, 218995, 238410, 254245, 273522]:285375:74:ea0edb0f 15 150 29532 50417 66435 86990 98880 119130 135340 160830 174925 192145 218995 238410 254245 273522 3805: 15 0 0 0 0 0 0 0 0 0 0 0 0 0 0 0 3805
num_tracks: 15
offsets: [150, 29532, 50417, 66435, 86990, 98880, 119130, 135340, 160830, 174925, 192145, 218995, 238410, 254245, 273522]
extents: [0, 0, 0, 0, 0, 0, 0, 0, 0, 0, 0, 0, 0, 0, 0]
total_length: 3805
cddb: [3926842127, 15, 150, 29532, 50417, 66435, 86990, 98880, 119130, 135340, 160830, 174925, 192145, 218995, 238410, 254245, 273522, 3805]
musicbrainz: ('15 150 29532 50417 66435 86990 98880 119130 135340 160830 174925 192145 218995 238410 254245 273522 285422', '30mEvjWutAmqL3_sCX_pzsnid14-')

CD record:
/bin/sh: 1: cdrecord: not found
