CddbId:560d9b07:[150, 32235, 82832, 121590, 141542, 205910, 235730]:261375:74:560d9b07 7 150 32235 82832 121590 141542 205910 235730 3485: 7 0 0 0 0 0 0 0 3485
num_tracks: 7
offsets: [150, 32235, 82832, 121590, 141542, 205910, 235730]
extents: [0, 0, 0, 0, 0, 0, 0]
total_length: 3485
cddb: [1443732231, 7, 150, 32235, 82832, 121590, 141542, 205910, 235730, 3485]
musicbrainz: ('7 150 32235 82832 121590 141542 205910 235730 261375', 'VCDuvQ2MPf_fPKXVuI9xDUgwlws-')

CD record:
/bin/sh: 1: cdrecord: not found
