CddbId:01111412:[150, 3025, 26402, 44912, 66612, 93792, 110152, 125607, 150777, 174557, 195087, 225425, 235337, 245970, 263157, 285735, 297712, 317175]:328050:74:01111412 18 150 3025 26402 44912 66612 93792 110152 125607 150777 174557 195087 225425 235337 245970 263157 285735 297712 317175 4374: 18 0 0 0 0 0 0 0 0 0 0 0 0 0 0 0 0 0 0 4374
num_tracks: 18
offsets: [150, 3025, 26402, 44912, 66612, 93792, 110152, 125607, 150777, 174557, 195087, 225425, 235337, 245970, 263157, 285735, 297712, 317175]
extents: [0, 0, 0, 0, 0, 0, 0, 0, 0, 0, 0, 0, 0, 0, 0, 0, 0, 0]
total_length: 4374
cddb: [17896466, 18, 150, 3025, 26402, 44912, 66612, 93792, 110152, 125607, 150777, 174557, 195087, 225425, 235337, 245970, 263157, 285735, 297712, 317175, 4374]
musicbrainz: ('18 150 3025 26402 44912 66612 93792 110152 125607 150777 174557 195087 225425 235337 245970 263157 285735 297712 317175 328065', 'LFVJLEj7yiQFM7z.4PhkQeytI4U-')

CD record:
/bin/sh: 1: cdrecord: not found
